x <- 1:100
y <- 101:200
z <- 201:300